371.5	1.609455	0
373.09	1.608269	0
374.68	1.607109	0
376.28	1.605974	0
377.87	1.604862	0
379.46	1.603773	0
381.05	1.602708	0
382.65	1.601664	0
384.24	1.600642	0
385.83	1.599641	0
387.43	1.598661	0
389.02	1.597701	0
390.61	1.59676	0
392.2	1.595839	0
393.8	1.594936	0
395.39	1.594051	0
396.98	1.593184	0
398.57	1.592334	0
400.17	1.591501	0
401.76	1.590685	0
403.35	1.589885	0
404.95	1.5891	0
406.54	1.588331	0
408.13	1.587577	0
409.72	1.586838	0
411.32	1.586112	0
412.91	1.585401	0
414.5	1.584704	0
416.1	1.58402	0
417.69	1.583349	0
419.28	1.582691	0
420.87	1.582045	0
422.47	1.581411	0
424.06	1.580789	0
425.65	1.580179	0
427.25	1.579581	0
428.84	1.578993	0
430.43	1.578416	0
432.02	1.57785	0
433.62	1.577295	0
435.21	1.576749	0
436.8	1.576214	0
438.4	1.575688	0
439.99	1.575172	0
441.58	1.574665	0
443.17	1.574167	0
444.77	1.573679	0
446.36	1.573199	0
447.95	1.572727	0
449.55	1.572264	0
451.14	1.571809	0
452.73	1.571362	0
454.32	1.570923	0
455.92	1.570492	0
457.51	1.570068	0
459.1	1.569651	0
460.69	1.569242	0
462.29	1.56884	0
463.88	1.568445	0
465.47	1.568056	0
467.07	1.567674	0
468.66	1.567299	0
470.25	1.56693	0
471.84	1.566568	0
473.44	1.566211	0
475.03	1.56586	0
476.62	1.565516	0
478.21	1.565177	0
479.81	1.564844	0
481.4	1.564516	0
482.99	1.564194	0
484.59	1.563877	0
486.18	1.563565	0
487.77	1.563258	0
489.36	1.562957	0
490.96	1.56266	0
492.55	1.562368	0
494.14	1.562081	0
495.73	1.561798	0
497.33	1.56152	0
498.92	1.561247	0
500.51	1.560977	0
502.1	1.560713	0
503.7	1.560452	0
505.29	1.560195	0
506.88	1.559943	0
508.47	1.559694	0
510.07	1.55945	0
511.66	1.559209	0
513.25	1.558972	0
514.84	1.558739	0
516.43	1.558509	0
518.03	1.558283	0
519.62	1.55806	0
521.21	1.557841	0
522.8	1.557625	0
524.4	1.557412	0
525.99	1.557203	0
527.58	1.556997	0
529.17	1.556794	0
530.76	1.556594	0
532.36	1.556397	0
533.95	1.556203	0
535.54	1.556012	0
537.13	1.555824	0
538.73	1.555638	0
540.32	1.555455	0
541.91	1.555275	0
543.5	1.555098	0
545.09	1.554923	0
546.69	1.554751	0
548.28	1.554582	0
549.87	1.554414	0
551.46	1.55425	0
553.05	1.554087	0
554.64	1.553927	0
556.24	1.55377	0
557.83	1.553614	0
559.42	1.553461	0
561.01	1.55331	0
562.6	1.553161	0
564.19	1.553014	0
565.79	1.55287	0
567.38	1.552727	0
568.97	1.552587	0
570.56	1.552448	0
572.15	1.552311	0
573.74	1.552177	0
575.33	1.552044	0
576.93	1.551913	0
578.52	1.551784	0
580.11	1.551656	0
581.7	1.551531	0
583.29	1.551407	0
584.88	1.551284	0
586.47	1.551164	0
588.07	1.551045	0
589.66	1.550928	0
591.25	1.550812	0
592.84	1.550698	0
594.43	1.550586	0
596.02	1.550474	0
597.61	1.550365	0
599.2	1.550257	0
600.79	1.55015	0
602.38	1.550045	0
603.97	1.549941	0
605.57	1.549839	0
607.16	1.549738	0
608.75	1.549638	0
610.34	1.54954	0
611.93	1.549443	0
613.52	1.549347	0
615.11	1.549252	0
616.7	1.549159	0
618.29	1.549067	0
619.88	1.548976	0
621.47	1.548886	0
623.06	1.548797	0
624.65	1.54871	0
626.24	1.548624	0
627.83	1.548538	0
629.42	1.548454	0
631.01	1.548371	0
632.6	1.548289	0
634.19	1.548208	0
635.78	1.548128	0
637.37	1.548049	0
638.96	1.547971	0
640.55	1.547895	0
642.14	1.547819	0
643.73	1.547744	0
645.32	1.547669	0
646.91	1.547596	0
648.5	1.547524	0
650.09	1.547453	0
651.68	1.547382	0
653.27	1.547313	0
654.86	1.547244	0
656.45	1.547176	0
658.04	1.547109	0
659.63	1.547043	0
661.22	1.546977	0
662.81	1.546913	0
664.39	1.546849	0
665.98	1.546786	0
667.57	1.546723	0
669.16	1.546662	0
670.75	1.546601	0
672.34	1.546541	0
673.93	1.546481	0
675.52	1.546423	0
677.11	1.546365	0
678.69	1.546308	0
680.28	1.546251	0
681.87	1.546195	0
683.46	1.54614	0
685.05	1.546085	0
686.64	1.546031	0
688.23	1.545978	0
689.81	1.545925	0
691.4	1.545873	0
692.99	1.545822	0
694.58	1.545771	0
696.17	1.54572	0
697.75	1.545671	0
699.34	1.545622	0
700.93	1.545573	0
702.52	1.545525	0
704.11	1.545477	0
705.69	1.545431	0
707.28	1.545384	0
708.87	1.545338	0
710.46	1.545293	0
712.04	1.545248	0
713.63	1.545204	0
715.22	1.54516	0
716.81	1.545117	0
718.39	1.545074	0
719.98	1.545032	0
721.57	1.54499	0
723.15	1.544948	0
724.74	1.544907	0
726.33	1.544867	0
727.92	1.544827	0
729.5	1.544787	0
731.09	1.544748	0
732.68	1.54471	0
734.26	1.544671	0
735.85	1.544633	0
737.44	1.544596	0
739.02	1.544559	0
740.61	1.544522	0
742.19	1.544486	0
743.78	1.54445	0
745.37	1.544415	0
746.95	1.54438	0
748.54	1.544345	0
750.13	1.544311	0
751.71	1.544277	0
753.3	1.544243	0
754.88	1.54421	0
756.47	1.544177	0
758.05	1.544145	0
759.64	1.544113	0
761.23	1.544081	0
762.81	1.544049	0
764.4	1.544018	0
765.98	1.543987	0
767.57	1.543957	0
769.15	1.543927	0
770.74	1.543897	0
772.32	1.543867	0
773.91	1.543838	0
775.49	1.543809	0
777.08	1.543781	0
778.66	1.543752	0
780.25	1.543724	0
781.83	1.543697	0
783.41	1.543669	0
785	1.543642	0
786.58	1.543615	0
788.17	1.543588	0
789.75	1.543562	0
791.34	1.543536	0
792.92	1.54351	0
794.5	1.543485	0
796.09	1.54346	0
797.67	1.543434	0
799.26	1.54341	0
800.84	1.543385	0
802.42	1.543361	0
804.01	1.543337	0
805.59	1.543313	0
807.17	1.54329	0
808.76	1.543266	0
810.34	1.543243	0
811.92	1.543221	0
813.5	1.543198	0
815.09	1.543176	0
816.67	1.543153	0
818.25	1.543132	0
819.84	1.54311	0
821.42	1.543088	0
823	1.543067	0
824.58	1.543046	0
826.17	1.543025	0
827.75	1.543004	0
829.33	1.542984	0
830.91	1.542964	0
832.49	1.542944	0
834.08	1.542924	0
835.66	1.542904	0
837.24	1.542885	0
838.82	1.542865	0
840.4	1.542846	0
841.98	1.542827	0
843.57	1.542809	0
845.15	1.54279	0
846.73	1.542772	0
848.31	1.542754	0
849.89	1.542736	0
851.47	1.542718	0
853.05	1.5427	0
854.63	1.542683	0
856.21	1.542665	0
857.79	1.542648	0
859.37	1.542631	0
860.96	1.542614	0
862.54	1.542598	0
864.12	1.542581	0
865.7	1.542565	0
867.28	1.542548	0
868.86	1.542532	0
870.44	1.542516	0
872.02	1.542501	0
873.6	1.542485	0
875.17	1.54247	0
876.75	1.542454	0
878.33	1.542439	0
879.91	1.542424	0
881.49	1.542409	0
883.07	1.542394	0
884.65	1.54238	0
886.23	1.542365	0
887.81	1.542351	0
889.39	1.542337	0
890.97	1.542322	0
892.54	1.542308	0
894.12	1.542295	0
895.7	1.542281	0
897.28	1.542267	0
898.86	1.542254	0
900.43	1.54224	0
902.01	1.542227	0
903.59	1.542214	0
905.17	1.542201	0
906.75	1.542188	0
908.32	1.542176	0
909.9	1.542163	0
911.48	1.54215	0
913.06	1.542138	0
914.63	1.542126	0
916.21	1.542113	0
917.79	1.542101	0
919.36	1.542089	0
920.94	1.542078	0
922.52	1.542066	0
924.09	1.542054	0
925.67	1.542043	0
927.25	1.542031	0
928.82	1.54202	0
930.4	1.542008	0
931.97	1.541997	0
933.55	1.541986	0
935.13	1.541975	0
936.7	1.541964	0
938.28	1.541954	0
939.85	1.541943	0
941.43	1.541932	0
943	1.541922	0
944.58	1.541912	0
946.15	1.541901	0
947.73	1.541891	0
949.3	1.541881	0
950.88	1.541871	0
952.45	1.541861	0
954.03	1.541851	0
955.6	1.541841	0
957.17	1.541831	0
958.75	1.541822	0
960.32	1.541812	0
961.9	1.541803	0
963.47	1.541793	0
965.04	1.541784	0
966.62	1.541775	0
968.19	1.541766	0
969.76	1.541757	0
971.34	1.541748	0
972.91	1.541739	0
974.48	1.54173	0
976.06	1.541721	0
977.63	1.541713	0
979.2	1.541704	0
980.77	1.541695	0
982.35	1.541687	0
983.92	1.541679	0
985.49	1.54167	0
987.06	1.541662	0
988.63	1.541654	0
990.21	1.541646	0
991.78	1.541638	0
993.35	1.54163	0
994.92	1.541622	0
996.49	1.541614	0
998.06	1.541606	0
999.63	1.541598	0