400.17	4.785528	1.432797
401.76	4.783983	1.409639
403.35	4.782179	1.386837
404.95	4.780128	1.364388
406.54	4.777845	1.342287
408.13	4.775342	1.320532
409.72	4.772631	1.299119
411.32	4.769722	1.278043
412.91	4.766629	1.257299
414.5	4.76336	1.236884
416.1	4.759927	1.216792
417.69	4.756338	1.197019
419.28	4.752604	1.177558
420.87	4.748732	1.158405
422.47	4.744731	1.139554
424.06	4.740609	1.121
425.65	4.736374	1.102738
427.25	4.732032	1.084762
428.84	4.727591	1.067066
430.43	4.723056	1.049645
432.02	4.718433	1.032494
433.62	4.713729	1.015607
435.21	4.708949	0.9989777
436.8	4.704096	0.9826015
438.4	4.699177	0.9664734
439.99	4.694196	0.9505876
441.58	4.689156	0.934939
443.17	4.684061	0.919522
444.77	4.678915	0.9043323
446.36	4.673721	0.8893647
447.95	4.668483	0.8746145
449.55	4.663203	0.8600763
451.14	4.657884	0.8457457
452.73	4.652528	0.8316182
454.32	4.647137	0.8176899
455.92	4.641714	0.8039559
457.51	4.63626	0.7904116
459.1	4.630777	0.7770539
460.69	4.625267	0.7638783
462.29	4.619731	0.7508809
463.88	4.614171	0.7380586
465.47	4.608587	0.7254068
467.07	4.602981	0.7129228
468.66	4.597353	0.7006031
470.25	4.591705	0.6884442
471.84	4.586037	0.6764432
473.44	4.580349	0.664597
475.03	4.574644	0.6529031
476.62	4.56892	0.6413583
478.21	4.563179	0.6299598
479.81	4.557421	0.618706
481.4	4.551646	0.6075935
482.99	4.545855	0.5966206
484.59	4.540047	0.5857847
486.18	4.534224	0.5750838
487.77	4.528385	0.5645159
489.36	4.522531	0.5540793
490.96	4.516661	0.543772
492.55	4.510776	0.5335922
494.14	4.504876	0.5235382
495.73	4.498961	0.5136089
497.33	4.493031	0.5038024
498.92	4.487087	0.4941177
500.51	4.481128	0.4845528
502.1	4.475155	0.4751072
503.7	4.469167	0.4657795
505.29	4.463165	0.4565683
506.88	4.457149	0.4474729
508.47	4.451119	0.4384924
510.07	4.445075	0.4296253
511.66	4.439018	0.4208714
513.25	4.432947	0.4122298
514.84	4.426863	0.4036995
516.43	4.420766	0.3952798
518.03	4.414656	0.38697
519.62	4.408534	0.3787698
521.21	4.4024	0.3706783
522.8	4.396254	0.3626952
524.4	4.390097	0.3548198
525.99	4.383928	0.3470518
527.58	4.377749	0.3393906
529.17	4.371559	0.3318358
530.76	4.36536	0.3243871
532.36	4.359151	0.317044
533.95	4.352933	0.3098064
535.54	4.346707	0.3026737
537.13	4.340473	0.2956458
538.73	4.334232	0.2887223
540.32	4.327984	0.2819031
541.91	4.32173	0.2751877
543.5	4.315471	0.2685758
545.09	4.309207	0.2620677
546.69	4.302939	0.2556625
548.28	4.296668	0.2493604
549.87	4.290394	0.2431611
551.46	4.284119	0.2370643
553.05	4.277843	0.23107
554.64	4.271566	0.2251778
556.24	4.265291	0.2193877
557.83	4.259017	0.2136992
559.42	4.252746	0.2081124
561.01	4.246479	0.2026272
562.6	4.240216	0.197243
564.19	4.233958	0.1919598
565.79	4.227708	0.1867776
567.38	4.221465	0.181696
568.97	4.215231	0.1767147
570.56	4.209006	0.1718337
572.15	4.202793	0.1670528
573.74	4.196592	0.1623716
575.33	4.190405	0.15779
576.93	4.184232	0.1533078
578.52	4.178075	0.1489247
580.11	4.171936	0.1446405
581.7	4.165816	0.1404548
583.29	4.159716	0.1363676
584.88	4.153638	0.1323786
586.47	4.147584	0.1284874
588.07	4.141555	0.1246938
589.66	4.135553	0.1209975
591.25	4.129579	0.1173983
592.84	4.123637	0.1138957
594.43	4.117728	0.1104895
596.02	4.111854	0.1071795
597.61	4.106018	0.1039651
599.2	4.100223	0.1008462
600.79	4.094472	0.09782238
602.38	4.088769	0.09489328
603.97	4.083119	0.0920584
605.57	4.077529	0.08931749
607.16	4.072008	0.08666988
608.75	4.06658	0.08410679
610.34	4.061241	0.0815861
611.93	4.05597	0.07910264
613.52	4.050757	0.07665699
615.11	4.045595	0.07424928
616.7	4.040481	0.07188007
618.29	4.035411	0.06954956
619.88	4.030384	0.06725789
621.47	4.025396	0.06500535
623.06	4.020447	0.0627921
624.65	4.015534	0.06061831
626.24	4.010657	0.05848408
627.83	4.005814	0.05638952
629.42	4.001005	0.05433466
631.01	3.996228	0.05231968
632.6	3.991483	0.0503445
634.19	3.98677	0.04840922
635.78	3.982087	0.04651385
637.37	3.977435	0.04465838
638.96	3.972813	0.04284281
640.55	3.968221	0.04106704
642.14	3.963658	0.03933116
643.73	3.959124	0.03763504
645.32	3.954619	0.03597857
646.91	3.950143	0.03436178
648.5	3.945696	0.03278447
650.09	3.941277	0.03124662
651.68	3.936887	0.02974814
653.27	3.932526	0.02828884
654.86	3.928192	0.02686863
656.45	3.923888	0.02548739
658.04	3.919611	0.02414502
659.63	3.915364	0.02284128
661.22	3.911145	0.02157607
662.81	3.906954	0.02034922
664.39	3.902793	0.01916056
665.98	3.89866	0.01800996
667.57	3.894557	0.01689717
669.16	3.890482	0.01582204
670.75	3.886438	0.01478442
672.34	3.882422	0.01378403
673.93	3.878437	0.01282076
675.52	3.874481	0.01189433
677.11	3.870555	0.0110046
678.69	3.86666	0.0101513
680.28	3.862796	0.00933427
681.87	3.858962	0.00855327
683.46	3.85516	0.007808077
685.05	3.85139	0.007098469
686.64	3.847651	0.00642422
688.23	3.843944	0.005785121
689.81	3.84027	0.005180902
691.4	3.836629	0.004611352
692.99	3.833022	0.004076252
694.58	3.829448	0.003575346
696.17	3.825909	0.003108398
697.75	3.822404	0.002675166
699.34	3.818935	0.002275411
700.93	3.815502	0.001908899
702.52	3.812106	0.001575375
704.11	3.808747	0.001274585
705.69	3.805427	0.001006309
707.28	3.802146	0.0007702728
708.87	3.798905	0.0005662384
710.46	3.795706	0.0003939615
712.04	3.792551	0.0002531856
713.63	3.78944	0.0001436604
715.22	3.786377	6.513486e-005
716.81	3.783366	1.735808e-005
718.39	3.780412	7.443841e-008
719.98	3.77753	0
721.57	3.774708	0
723.15	3.771935	0
724.74	3.769209	0
726.33	3.766526	0
727.92	3.763884	0
729.5	3.76128	0
731.09	3.758713	0
732.68	3.756182	0
734.26	3.753684	0
735.85	3.75122	0
737.44	3.748788	0
739.02	3.746386	0
740.61	3.744015	0
742.19	3.741673	0
743.78	3.739359	0
745.37	3.737073	0
746.95	3.734813	0
748.54	3.73258	0
750.13	3.730373	0
751.71	3.728191	0
753.3	3.726033	0
754.88	3.7239	0
756.47	3.721789	0
758.05	3.719702	0
759.64	3.717637	0
761.23	3.715595	0
762.81	3.713574	0
764.4	3.711574	0
765.98	3.709595	0
767.57	3.707636	0
769.15	3.705698	0
770.74	3.703779	0
772.32	3.70188	0
773.91	3.699999	0
775.49	3.698137	0
777.08	3.696294	0
778.66	3.694468	0
780.25	3.69266	0
781.83	3.69087	0
783.41	3.689097	0
785	3.687341	0
786.58	3.685601	0
788.17	3.683878	0
789.75	3.682171	0
791.34	3.680479	0
792.92	3.678803	0
794.5	3.677143	0
796.09	3.675498	0
797.67	3.673868	0
799.26	3.672252	0
800.84	3.670651	0
802.42	3.669064	0
804.01	3.667491	0
805.59	3.665932	0
807.17	3.664387	0
808.76	3.662855	0
810.34	3.661337	0
811.92	3.659831	0
813.5	3.658339	0
815.09	3.656859	0
816.67	3.655392	0
818.25	3.653938	0
819.84	3.652495	0
821.42	3.651065	0
823	3.649647	0
824.58	3.64824	0
826.17	3.646845	0
827.75	3.645462	0
829.33	3.644089	0
830.91	3.642729	0
832.49	3.641379	0
834.08	3.64004	0
835.66	3.638712	0
837.24	3.637394	0
838.82	3.636087	0
840.4	3.63479	0
841.98	3.633504	0
843.57	3.632228	0
845.15	3.630962	0
846.73	3.629705	0
848.31	3.628459	0
849.89	3.627222	0
851.47	3.625995	0
853.05	3.624777	0
854.63	3.623568	0
856.21	3.622369	0
857.79	3.621179	0
859.37	3.619998	0
860.96	3.618826	0
862.54	3.617662	0
864.12	3.616507	0
865.7	3.615361	0
867.28	3.614224	0
868.86	3.613095	0
870.44	3.611974	0
872.02	3.610861	0
873.6	3.609757	0
875.17	3.608661	0
876.75	3.607572	0
878.33	3.606492	0
879.91	3.605419	0
881.49	3.604354	0
883.07	3.603297	0
884.65	3.602247	0
886.23	3.601205	0
887.81	3.60017	0
889.39	3.599142	0
890.97	3.598122	0
892.54	3.597109	0
894.12	3.596103	0
895.7	3.595104	0
897.28	3.594112	0
898.86	3.593127	0
900.43	3.592149	0
902.01	3.591177	0
903.59	3.590212	0
905.17	3.589254	0
906.75	3.588302	0
908.32	3.587357	0
909.9	3.586418	0
911.48	3.585485	0
913.06	3.584559	0
914.63	3.583639	0
916.21	3.582725	0
917.79	3.581818	0
919.36	3.580916	0
920.94	3.58002	0
922.52	3.579131	0
924.09	3.578247	0
925.67	3.577369	0
927.25	3.576497	0
928.82	3.57563	0
930.4	3.574769	0
931.97	3.573914	0
933.55	3.573064	0
935.13	3.57222	0
936.7	3.571381	0
938.28	3.570548	0
939.85	3.56972	0
941.43	3.568897	0
943	3.568079	0
944.58	3.567267	0
946.15	3.56646	0
947.73	3.565658	0
949.3	3.564861	0
950.88	3.564069	0
952.45	3.563282	0
954.03	3.5625	0
955.6	3.561723	0
957.17	3.56095	0
958.75	3.560183	0
960.32	3.55942	0
961.9	3.558662	0
963.47	3.557909	0
965.04	3.55716	0
966.62	3.556416	0
968.19	3.555676	0
969.76	3.554941	0
971.34	3.55421	0
972.91	3.553484	0
974.48	3.552762	0
976.06	3.552044	0
977.63	3.551331	0
979.2	3.550622	0
980.77	3.549918	0
982.35	3.549217	0
983.92	3.548521	0
985.49	3.547829	0
987.06	3.547141	0
988.63	3.546457	0
990.21	3.545777	0
991.78	3.545101	0
993.35	3.544429	0
994.92	3.543761	0
996.49	3.543097	0
998.06	3.542436	0
999.63	3.54178	0