300.0	6.044047095758702	1.2642317950747577
305.0	6.044047095758702	1.2642317950747577
310.0	6.044047095758702	1.2642317950747577
315.0	6.050356461408411	1.1999864908440376
320.0	6.0566658270581195	1.1357411866133176
325.0	6.067037388575825	1.0103047188008094
330.0	6.077408950093529	0.8848682509883014
335.0	6.02541189965906	0.7232749165750512
340.0	5.973414849224591	0.5616815821618009
345.00000000000006	5.7711514021317445	0.48574500428445594
350.00000000000006	5.568887955038897	0.409808426407111
355.00000000000006	5.445572465152208	0.3625504373540692
360.00000000000006	5.322256975265518	0.31529244830102743
365.00000000000006	5.21669179951734	0.28095090221518726
370.00000000000006	5.111126623769162	0.2466093561293471
375.00000000000006	5.044375290228524	0.2154567289499994
380.00000000000006	4.977623956687886	0.18430410177065173
385.00000000000006	4.921555405579455	0.15715691688658842
390.00000000000006	4.865486854471024	0.1300097320025251
395.00000000000006	4.828678485412172	0.11551611824732205
400.00000000000006	4.791870116353319	0.10102250449211901
405.00000000000006	4.755205529292575	0.09786071824574907
410.0000000000001	4.718540942231831	0.09469893199937914
415.0000000000001	4.69461637884157	0.09169855513424786
420.0000000000001	4.670691815451307	0.08869817826911659
425.0000000000001	4.648153462714365	0.0865232068219423
430.0000000000001	4.6256151099774225	0.084348235374768
435.0000000000001	4.603961234986653	0.08264664048328993
440.0000000000001	4.582307359995884	0.08094504559181186
445.0000000000001	4.562606551814561	0.07927345213160497
450.0000000000001	4.542905743633237	0.07760185867139809
455.0000000000001	4.523287434824111	0.0762066072055618
460.0000000000001	4.503669126014985	0.07481135573972551
465.0000000000001	4.48233039430493	0.07365088261020127
470.0000000000001	4.460991662594876	0.07249040948067702
475.00000000000017	4.436203714225669	0.07131110814376032
480.00000000000017	4.411415765856462	0.07013180680684362
485.00000000000017	4.38676073894471	0.06965754654598191
490.00000000000017	4.362105712032958	0.06918328628512019
495.00000000000017	4.3375881500758	0.06885141890962149
500.0000000000002	4.3130705881186415	0.06851955153412277
505.0000000000001	4.2902906908117595	0.06820195618232293
510.0000000000002	4.267510793504876	0.06788436083052306
515.0000000000001	4.24512492201364	0.06757038993045932
520.0000000000002	4.222739050522404	0.06725641903039555
525.0000000000001	4.200471227131623	0.06694388049166836
530.0000000000002	4.1782034037408415	0.06663134195294115
535.0000000000001	4.1560518479581585	0.06654251260011211
540.0000000000002	4.133900292175474	0.06645368324728305
545.0000000000001	4.110747761512865	0.06638727933684359
550.0000000000002	4.087595230850256	0.06632087542640411
555.0000000000001	4.062281918913912	0.06623434960665733
560.0000000000002	4.036968606977567	0.06614782378691056
565.0000000000001	4.011813005315763	0.06605980485437903
570.0000000000002	3.9866574036539575	0.06597178592184748
575.0000000000002	3.970221248823887	0.06595373668938075
580.0000000000003	3.9537850939938157	0.065935687456914
585.0000000000002	3.940816410187529	0.06612918698441245
590.0000000000003	3.927847726381242	0.06632268651191091
595.0000000000002	3.9149215278861282	0.06653175144265441
600.0000000000003	3.9019953293910135	0.06674081637339793
605.0000000000002	3.8891117634992796	0.06694777620543844
610.0000000000003	3.876228197607545	0.06715473603747897
615.0000000000002	3.864411830774395	0.0672824545263448
620.0000000000003	3.8525954639412445	0.06741017301521064
625.0000000000002	3.8417017873264165	0.06697176146178015
630.0000000000003	3.8308081107115877	0.06653334990834964
635.0000000000002	3.8199453086151784	0.06609688648545604
640.0000000000003	3.809082506518769	0.06566042306256244
645.0000000000002	3.798250578940778	0.06522590777020576
650.0000000000003	3.787418651362786	0.06479139247784906
655.0000000000002	3.776618986829995	0.0641947998867577
660.0000000000003	3.7658193222972036	0.06359820729566634
665.0000000000002	3.7539065875920925	0.06284100967732008
670.0000000000003	3.7419938528869805	0.06208381205897379
675.0000000000002	3.723074550656803	0.061440613445026056
680.0000000000003	3.7041552484266242	0.06079741483107829
685.0000000000002	3.6853313770997804	0.06024298755860572
690.0000000000003	3.6665075057729357	0.05968856028613313
695.0000000000002	3.6477797668016794	0.05913822540865444
700.0000000000005	3.6290520278304226	0.058587890531175725
705.0000000000003	3.610414785140363	0.058737453661206404
710.0000000000005	3.591777542450303	0.05888701679123709
715.0000000000003	3.5767952805742156	0.05945613054682961
720.0000000000005	3.561813018698128	0.060025244302422155
725.0000000000003	3.547038403388672	0.060554883388580255
730.0000000000005	3.5322637880792156	0.06108452247473838
735.0000000000003	3.5175528561492664	0.06134664922329248
740.0000000000005	3.5028419242193167	0.06160877597184658
745.0000000000003	3.4881924394122104	0.06186763853835206
750.0000000000005	3.473542954605103	0.062126501104857554
755.0000000000003	3.458953975404721	0.06248548294917213
760.0000000000005	3.444364996204339	0.06284446479348672
765.0000000000003	3.4296233630301023	0.06368067234929724
770.0000000000005	3.414881729855865	0.0645168799051078
775.0000000000003	3.399875994922593	0.0653415322998938
780.0000000000005	3.38487025998932	0.06616618469467984
785.0000000000003	3.3699305905674626	0.0669624946751097
790.0000000000005	3.3549909211456046	0.06775880465553959
795.0000000000003	3.340117796701312	0.06848258786044695
800.0000000000005	3.3252446722570186	0.06920637106535434
805.0000000000003	3.310437459578003	0.06992235697023717
810.0000000000005	3.2956302468989866	0.07063834287512005
815.0000000000003	3.2820667845884044	0.07135951974978384
820.0000000000005	3.2685033222778217	0.07208069662444767
825.0000000000005	3.255524666894337	0.0729415260328861
830.0000000000006	3.2425460115108518	0.07380235544132456
835.0000000000005	3.2296158799801824	0.07489391567269786
840.0000000000006	3.2166857484495126	0.0759854759040712
845.0000000000005	3.2038067852186707	0.07706710910875494
850.0000000000006	3.190927821987828	0.07814874231343873
855.0000000000005	3.1754138267553835	0.07876030368812294
860.0000000000006	3.1598998315229383	0.07937186506280718
865.0000000000005	3.141892899125241	0.07974495649792579
870.0000000000006	3.1238859667275425	0.08011804793304443
875.0000000000005	3.1059820179717565	0.08048424885787354
880.0000000000006	3.0880780692159697	0.08085044978270267
885.0000000000005	3.0682288254753014	0.08118238857596134
890.0000000000006	3.0483795817346326	0.08151432736922004
895.0000000000005	3.026995170989492	0.08188085077550475
900.0000000000006	3.00561076024435	0.08224737418178947
905.0000000000005	2.9843717449181497	0.08298749558013975
910.0000000000006	2.9631327295919485	0.08372761697849006
915.0000000000005	2.9420442759030605	0.08445301677220583
920.0000000000006	2.9209558222141716	0.08517841656592164
925.0000000000005	2.9024541463026194	0.08592571043044676
930.0000000000006	2.883952470391067	0.08667300429497193
935.0000000000005	2.8675783349802333	0.08781463761180197
940.0000000000006	2.851204199569399	0.08895627092863205
945.0000000000005	2.834917276041402	0.09041135520476332
950.0000000000006	2.818630352513405	0.09186643948089465
955.0000000000006	2.8024340733829307	0.09339313290253683
960.0000000000007	2.786237794252456	0.09491982632417907
965.0000000000006	2.7701094538491198	0.0972748317571313
970.0000000000007	2.7539811134457826	0.09962983719008361
975.0000000000006	2.7374868356995026	0.10194548261171321
980.0000000000007	2.7209925579532217	0.10426112803334292
985.0000000000006	2.7045966584640415	0.10644013690486141
990.0000000000007	2.6882007589748604	0.10861914577638
995.0000000000006	2.6719129812820164	0.11021608111287418
1000.0000000000007	2.6556252035891714	0.11181301644936843
1005.0000000000006	2.639434792523454	0.1133864654046036
1010.0000000000007	2.6232443814577358	0.11495991435983885
1015.0000000000006	2.607151337019145	0.11650987693381504
1020.0000000000007	2.5910582925805534	0.11805983950779128
1025.0000000000007	2.580845933675521	0.11972293841092457
1030.0000000000007	2.5706335747704876	0.12138603731405793
1035.0000000000007	2.561923399291386	0.12372445028916279
1040.0000000000007	2.553213223812284	0.12606286326426774
1045.0000000000007	2.544529020922604	0.12841034509957272
1050.0000000000007	2.5358448180329236	0.1307578269348778
1055.0000000000007	2.527187211372518	0.13308794308929564
1060.0000000000007	2.5185296047121115	0.13541805924371356
1065.0000000000007	2.5098978447109674	0.13775760115921384
1070.0000000000007	2.5012660847098234	0.14009714307471421
1075.0000000000007	2.4879341722881763	0.142519072504422
1080.0000000000007	2.4746022598665283	0.14494100193412987
1085.0000000000007	2.4597480505453126	0.14728558169783174
1090.0000000000007	2.4448938412240966	0.14963016146153368
1095.0000000000007	2.430114850655163	0.15226191170083872
1100.0000000000007	2.4153358600862282	0.15489366194014387
1105.0000000000007	2.400641561744636	0.157488094517443
1110.0000000000007	2.3859472634030428	0.16008252709474227
1115.0000000000007	2.371328448130041	0.1629023059257326
1120.0000000000007	2.3567096328570387	0.16572208475672304
1125.0000000000007	2.3421697322565547	0.16863921366995405
1130.0000000000007	2.32762983165607	0.1715563425831852
1135.0000000000007	2.314175320462332	0.17446980404701656
1140.0000000000007	2.3007208092685927	0.17738326551084804
1145.0000000000007	2.2878589144374684	0.18048268423689853
1150.000000000001	2.274997019606343	0.18358210296294916
1155.0000000000007	2.2621989900534025	0.18666743605396943
1160.000000000001	2.249400960500461	0.18975276914498984
1165.0000000000007	2.2366665581968097	0.19282617712561578
1170.000000000001	2.2239321558931575	0.19589958510624184
1175.0000000000007	2.2112276642203743	0.19969037166945636
1180.000000000001	2.19852317254759	0.20348115823267104
1185.0000000000007	2.1956447093621216	0.2057665811282154
1190.000000000001	2.192766246176653	0.20805200402375984
1195.0000000000007	2.192766246176653	0.20805200402375984
1200.000000000001	2.192766246176653	0.20805200402375984
1205.0000000000007	2.192766246176653	0.20805200402375984
1210.000000000001	2.192766246176653	0.20805200402375984
1215.0000000000007	2.192766246176653	0.20805200402375984
1220.000000000001	2.192766246176653	0.20805200402375984
1225.0000000000007	2.192766246176653	0.20805200402375984
1230.000000000001	2.192766246176653	0.20805200402375984
1235.0000000000007	2.192766246176653	0.20805200402375984
1240.000000000001	2.192766246176653	0.20805200402375984
1245.0000000000007	2.192766246176653	0.20805200402375984
1250.000000000001	2.192766246176653	0.20805200402375984
1255.0000000000007	2.192766246176653	0.20805200402375984
1260.000000000001	2.192766246176653	0.20805200402375984
1265.0000000000007	2.192766246176653	0.20805200402375984
1270.000000000001	2.192766246176653	0.20805200402375984
1275.000000000001	2.192766246176653	0.20805200402375984
1280.000000000001	2.192766246176653	0.20805200402375984
1285.000000000001	2.192766246176653	0.20805200402375984
1290.000000000001	2.192766246176653	0.20805200402375984
1295.000000000001	2.192766246176653	0.20805200402375984